z    mass    j
10.067089   10000000000.0   6.587e+01
10.067089   31622776601.683792   7.821e+01
10.067089   100000000000.0   1.058e+02
10.067089   316227766016.83795   1.910e+02
10.067089   1000000000000.0   5.994e+02
10.067089   100000.0   5.059e+01
10.067089   316227.7660168379   5.073e+01
10.067089   1000000.0   5.092e+01
10.067089   3162277.6601683795   5.118e+01
10.067089   10000000.0   5.204e+01
10.067089   31622776.60168379   5.256e+01
10.067089   100000000.0   5.334e+01
10.067089   316227766.01683795   5.449e+01
10.067089   1000000000.0   5.616e+01
10.067089   3162277660.1683793   5.977e+01
10.237849   10000000000.0   6.723e+01
10.237849   31622776601.683792   8.091e+01
10.237849   100000000000.0   1.128e+02
10.237849   316227766016.83795   2.157e+02
10.237849   1000000000000.0   7.244e+02
10.237849   100000.0   5.091e+01
10.237849   316227.7660168379   5.107e+01
10.237849   1000000.0   5.127e+01
10.237849   3162277.6601683795   5.153e+01
10.237849   10000000.0   5.190e+01
10.237849   31622776.60168379   5.245e+01
10.237849   100000000.0   5.328e+01
10.237849   316227766.01683795   5.504e+01
10.237849   1000000000.0   5.686e+01
10.237849   3162277660.1683793   6.069e+01
10.411226   10000000000.0   6.928e+01
10.411226   31622776601.683792   8.474e+01
10.411226   100000000000.0   1.206e+02
10.411226   316227766016.83795   2.430e+02
10.411226   1000000000000.0   9.065e+02
10.411226   100000.0   5.113e+01
10.411226   316227.7660168379   5.130e+01
10.411226   1000000.0   5.151e+01
10.411226   3162277.6601683795   5.179e+01
10.411226   10000000.0   5.218e+01
10.411226   31622776.60168379   5.277e+01
10.411226   100000000.0   5.366e+01
10.411226   316227766.01683795   5.497e+01
10.411226   1000000000.0   5.748e+01
10.411226   3162277660.1683793   6.156e+01
10.587351   10000000000.0   7.075e+01
10.587351   31622776601.683792   8.809e+01
10.587351   100000000000.0   1.306e+02
10.587351   316227766016.83795   2.761e+02
10.587351   1000000000000.0   1.110e+03
10.587351   100000.0   5.076e+01
10.587351   316227.7660168379   5.093e+01
10.587351   1000000.0   5.115e+01
10.587351   3162277.6601683795   5.196e+01
10.587351   10000000.0   5.237e+01
10.587351   31622776.60168379   5.300e+01
10.587351   100000000.0   5.396e+01
10.587351   316227766.01683795   5.537e+01
10.587351   1000000000.0   5.805e+01
10.587351   3162277660.1683793   6.240e+01
10.76609   10000000000.0   7.232e+01
10.76609   31622776601.683792   9.191e+01
10.76609   100000000000.0   1.409e+02
10.76609   316227766016.83795   3.173e+02
10.76609   1000000000000.0   1.395e+03
10.76609   100000.0   5.085e+01
10.76609   316227.7660168379   5.102e+01
10.76609   1000000.0   5.125e+01
10.76609   3162277.6601683795   5.156e+01
10.76609   10000000.0   5.200e+01
10.76609   31622776.60168379   5.266e+01
10.76609   100000000.0   5.367e+01
10.76609   316227766.01683795   5.573e+01
10.76609   1000000000.0   5.802e+01
10.76609   3162277660.1683793   6.324e+01
10.947717   10000000000.0   7.398e+01
10.947717   31622776601.683792   9.594e+01
10.947717   100000000000.0   1.531e+02
10.947717   316227766016.83795   3.685e+02
10.947717   1000000000000.0   1.749e+03
10.947717   100000.0   5.084e+01
10.947717   316227.7660168379   5.102e+01
10.947717   1000000.0   5.126e+01
10.947717   3162277.6601683795   5.159e+01
10.947717   10000000.0   5.205e+01
10.947717   31622776.60168379   5.275e+01
10.947717   100000000.0   5.384e+01
10.947717   316227766.01683795   5.547e+01
10.947717   1000000000.0   5.850e+01
10.947717   3162277660.1683793   6.406e+01
11.132094   10000000000.0   7.652e+01
11.132094   31622776601.683792   1.014e+02
11.132094   100000000000.0   1.676e+02
11.132094   316227766016.83795   4.328e+02
11.132094   1000000000000.0   2.183e+03
11.132094   100000.0   5.021e+01
11.132094   316227.7660168379   5.040e+01
11.132094   1000000.0   5.116e+01
11.132094   3162277.6601683795   5.150e+01
11.132094   10000000.0   5.199e+01
11.132094   31622776.60168379   5.274e+01
11.132094   100000000.0   5.391e+01
11.132094   316227766.01683795   5.568e+01
11.132094   1000000000.0   5.892e+01
11.132094   3162277660.1683793   6.485e+01
11.319216   10000000000.0   7.850e+01
11.319216   31622776601.683792   1.067e+02
11.319216   100000000000.0   1.843e+02
11.319216   316227766016.83795   5.132e+02
11.319216   1000000000000.0   2.766e+03
11.319216   100000.0   5.003e+01
11.319216   316227.7660168379   5.023e+01
11.319216   1000000.0   5.049e+01
11.319216   3162277.6601683795   5.084e+01
11.319216   10000000.0   5.135e+01
11.319216   31622776.60168379   5.215e+01
11.319216   100000000.0   5.338e+01
11.319216   316227766.01683795   5.582e+01
11.319216   1000000000.0   5.930e+01
11.319216   3162277660.1683793   6.567e+01
11.509226   10000000000.0   8.066e+01
11.509226   31622776601.683792   1.128e+02
11.509226   100000000000.0   2.069e+02
11.509226   316227766016.83795   6.029e+02
11.509226   1000000000000.0   3.511e+03
11.509226   100000.0   4.977e+01
11.509226   316227.7660168379   4.998e+01
11.509226   1000000.0   5.025e+01
11.509226   3162277.6601683795   5.062e+01
11.509226   10000000.0   5.116e+01
11.509226   31622776.60168379   5.201e+01
11.509226   100000000.0   5.334e+01
11.509226   316227766.01683795   5.592e+01
11.509226   1000000000.0   5.966e+01
11.509226   3162277660.1683793   6.653e+01
11.702284   10000000000.0   8.381e+01
11.702284   31622776601.683792   1.199e+02
11.702284   100000000000.0   2.327e+02
11.702284   316227766016.83795   7.180e+02
11.702284   1000000000000.0   4.533e+03
11.702284   100000.0   4.939e+01
11.702284   316227.7660168379   4.961e+01
11.702284   1000000.0   4.989e+01
11.702284   3162277.6601683795   5.029e+01
11.702284   10000000.0   5.086e+01
11.702284   31622776.60168379   5.176e+01
11.702284   100000000.0   5.320e+01
11.702284   316227766.01683795   5.539e+01
11.702284   1000000000.0   5.996e+01
11.702284   3162277660.1683793   6.738e+01
11.898233   10000000000.0   8.653e+01
11.898233   31622776601.683792   1.293e+02
11.898233   100000000000.0   2.616e+02
11.898233   316227766016.83795   8.734e+02
11.898233   1000000000000.0   5.976e+03
11.898233   100000.0   4.844e+01
11.898233   316227.7660168379   4.866e+01
11.898233   1000000.0   4.896e+01
11.898233   3162277.6601683795   4.936e+01
11.898233   10000000.0   4.996e+01
11.898233   31622776.60168379   5.091e+01
11.898233   100000000.0   5.296e+01
11.898233   316227766.01683795   5.535e+01
11.898233   1000000000.0   6.022e+01
11.898233   3162277660.1683793   6.825e+01
12.097405   10000000000.0   8.970e+01
12.097405   31622776601.683792   1.392e+02
12.097405   100000000000.0   2.953e+02
12.097405   316227766016.83795   1.053e+03
12.097405   1000000000000.0   7.919e+03
12.097405   100000.0   4.793e+01
12.097405   316227.7660168379   4.816e+01
12.097405   1000000.0   4.846e+01
12.097405   3162277.6601683795   4.889e+01
12.097405   10000000.0   4.952e+01
12.097405   31622776.60168379   5.054e+01
12.097405   100000000.0   5.217e+01
12.097405   316227766.01683795   5.527e+01
12.097405   1000000000.0   5.990e+01
12.097405   3162277660.1683793   6.995e+01
12.299464   10000000000.0   9.415e+01
12.299464   31622776601.683792   1.512e+02
12.299464   100000000000.0   3.372e+02
12.299464   316227766016.83795   1.293e+03
12.299464   1000000000000.0   1.070e+04
12.299464   100000.0   4.731e+01
12.299464   316227.7660168379   4.755e+01
12.299464   1000000.0   4.787e+01
12.299464   3162277.6601683795   4.832e+01
12.299464   10000000.0   4.898e+01
12.299464   31622776.60168379   5.007e+01
12.299464   100000000.0   5.183e+01
12.299464   316227766.01683795   5.514e+01
12.299464   1000000000.0   6.014e+01
12.299464   3162277660.1683793   7.103e+01
12.504571   10000000000.0   9.836e+01
12.504571   31622776601.683792   1.635e+02
12.504571   100000000000.0   3.874e+02
12.504571   316227766016.83795   1.617e+03
12.504571   1000000000000.0   1.440e+04
12.504571   100000.0   4.613e+01
12.504571   316227.7660168379   4.637e+01
12.504571   1000000.0   4.670e+01
12.504571   3162277.6601683795   4.716e+01
12.504571   10000000.0   4.786e+01
12.504571   31622776.60168379   4.950e+01
12.504571   100000000.0   5.140e+01
12.504571   316227766.01683795   5.440e+01
12.504571   1000000000.0   6.037e+01
12.504571   3162277660.1683793   7.224e+01
12.713095   10000000000.0   1.033e+02
12.713095   31622776601.683792   1.787e+02
12.713095   100000000000.0   4.490e+02
12.713095   316227766016.83795   2.023e+03
12.713095   1000000000000.0   1.923e+04
12.713095   100000.0   4.534e+01
12.713095   316227.7660168379   4.559e+01
12.713095   1000000.0   4.594e+01
12.713095   3162277.6601683795   4.642e+01
12.713095   10000000.0   4.716e+01
12.713095   31622776.60168379   4.838e+01
12.713095   100000000.0   5.090e+01
12.713095   316227766.01683795   5.417e+01
12.713095   1000000000.0   6.061e+01
12.713095   3162277660.1683793   7.437e+01
12.924668   10000000000.0   1.090e+02
12.924668   31622776601.683792   1.991e+02
12.924668   100000000000.0   5.270e+02
12.924668   316227766016.83795   2.573e+03
12.924668   1000000000000.0   2.577e+04
12.924668   100000.0   4.451e+01
12.924668   316227.7660168379   4.477e+01
12.924668   1000000.0   4.513e+01
12.924668   3162277.6601683795   4.563e+01
12.924668   10000000.0   4.641e+01
12.924668   31622776.60168379   4.773e+01
12.924668   100000000.0   4.990e+01
12.924668   316227766.01683795   5.395e+01
12.924668   1000000000.0   6.152e+01
12.924668   3162277660.1683793   7.604e+01
13.139472   10000000000.0   1.164e+02
13.139472   31622776601.683792   2.207e+02
13.139472   100000000000.0   6.271e+02
13.139472   316227766016.83795   3.231e+03
13.139472   1000000000000.0   3.515e+04
13.139472   100000.0   4.313e+01
13.139472   316227.7660168379   4.339e+01
13.139472   1000000.0   4.375e+01
13.139472   3162277.6601683795   4.428e+01
13.139472   10000000.0   4.554e+01
13.139472   31622776.60168379   4.695e+01
13.139472   100000000.0   4.931e+01
13.139472   316227766.01683795   5.366e+01
13.139472   1000000000.0   6.184e+01
13.139472   3162277660.1683793   7.793e+01
13.357708   10000000000.0   1.240e+02
13.357708   31622776601.683792   2.471e+02
13.357708   100000000000.0   7.557e+02
13.357708   316227766016.83795   4.061e+03
13.357708   1000000000000.0   4.936e+04
13.357708   100000.0   4.212e+01
13.357708   316227.7660168379   4.240e+01
13.357708   1000000.0   4.277e+01
13.357708   3162277.6601683795   4.332e+01
13.357708   10000000.0   4.418e+01
13.357708   31622776.60168379   4.567e+01
13.357708   100000000.0   4.868e+01
13.357708   316227766.01683795   5.337e+01
13.357708   1000000000.0   6.227e+01
13.357708   3162277660.1683793   8.021e+01
13.579172   10000000000.0   1.331e+02
13.579172   31622776601.683792   2.793e+02
13.579172   100000000000.0   9.069e+02
13.579172   316227766016.83795   5.171e+03
13.579172   1000000000000.0   6.859e+04
13.579172   100000.0   4.107e+01
13.579172   316227.7660168379   4.135e+01
13.579172   1000000.0   4.174e+01
13.579172   3162277.6601683795   4.231e+01
13.579172   10000000.0   4.322e+01
13.579172   31622776.60168379   4.482e+01
13.579172   100000000.0   4.800e+01
13.579172   316227766.01683795   5.308e+01
13.579172   1000000000.0   6.277e+01
13.579172   3162277660.1683793   8.360e+01
13.804068   10000000000.0   1.438e+02
13.804068   31622776601.683792   3.190e+02
13.804068   100000000000.0   1.088e+03
13.804068   316227766016.83795   6.679e+03
13.804068   1000000000000.0   9.958e+04
13.804068   100000.0   3.994e+01
13.804068   316227.7660168379   4.023e+01
13.804068   1000000.0   4.063e+01
13.804068   3162277.6601683795   4.123e+01
13.804068   10000000.0   4.219e+01
13.804068   31622776.60168379   4.391e+01
13.804068   100000000.0   4.685e+01
13.804068   316227766.01683795   5.281e+01
13.804068   1000000000.0   6.342e+01
13.804068   3162277660.1683793   8.669e+01
14.032621   10000000000.0   1.564e+02
14.032621   31622776601.683792   3.674e+02
14.032621   100000000000.0   1.316e+03
14.032621   316227766016.83795   8.788e+03
14.032621   1000000000000.0   1.508e+05
14.032621   100000.0   3.835e+01
14.032621   316227.7660168379   3.865e+01
14.032621   1000000.0   3.906e+01
14.032621   3162277.6601683795   3.968e+01
14.032621   10000000.0   4.068e+01
14.032621   31622776.60168379   4.293e+01
14.032621   100000000.0   4.613e+01
14.032621   316227766.01683795   5.255e+01
14.032621   1000000000.0   6.421e+01
14.032621   3162277660.1683793   9.030e+01
14.264379   10000000000.0   1.718e+02
14.264379   31622776601.683792   4.215e+02
14.264379   100000000000.0   1.608e+03
14.264379   316227766016.83795   1.160e+04
14.264379   1000000000000.0   2.102e+05
14.264379   100000.0   3.711e+01
14.264379   316227.7660168379   3.741e+01
14.264379   1000000.0   3.784e+01
14.264379   3162277.6601683795   3.849e+01
14.264379   10000000.0   3.955e+01
14.264379   31622776.60168379   4.150e+01
14.264379   100000000.0   4.539e+01
14.264379   316227766.01683795   5.182e+01
14.264379   1000000000.0   6.583e+01
14.264379   3162277660.1683793   9.462e+01
5.090987   10000000000.0   1.811e+01
5.090987   31622776601.683792   1.850e+01
5.090987   100000000000.0   1.895e+01
5.090987   316227766016.83795   1.975e+01
5.090987   1000000000000.0   1.980e+01
5.090987   100000.0   1.755e+01
5.090987   316227.7660168379   1.756e+01
5.090987   1000000.0   1.758e+01
5.090987   3162277.6601683795   1.760e+01
5.090987   10000000.0   1.762e+01
5.090987   31622776.60168379   1.765e+01
5.090987   100000000.0   1.770e+01
5.090987   316227766.01683795   1.776e+01
5.090987   1000000000.0   1.784e+01
5.090987   3162277660.1683793   1.796e+01
5.18498   10000000000.0   1.906e+01
5.18498   31622776601.683792   1.929e+01
5.18498   100000000000.0   1.977e+01
5.18498   316227766016.83795   2.080e+01
5.18498   1000000000000.0   2.087e+01
5.18498   100000.0   1.845e+01
5.18498   316227.7660168379   1.846e+01
5.18498   1000000.0   1.848e+01
5.18498   3162277.6601683795   1.850e+01
5.18498   10000000.0   1.853e+01
5.18498   31622776.60168379   1.856e+01
5.18498   100000000.0   1.861e+01
5.18498   316227766.01683795   1.868e+01
5.18498   1000000000.0   1.877e+01
5.18498   3162277660.1683793   1.889e+01
5.280421   10000000000.0   2.004e+01
5.280421   31622776601.683792   2.029e+01
5.280421   100000000000.0   2.080e+01
5.280421   316227766016.83795   2.188e+01
5.280421   1000000000000.0   2.176e+01
5.280421   100000.0   1.918e+01
5.280421   316227.7660168379   1.920e+01
5.280421   1000000.0   1.922e+01
5.280421   3162277.6601683795   1.924e+01
5.280421   10000000.0   1.927e+01
5.280421   31622776.60168379   1.931e+01
5.280421   100000000.0   1.936e+01
5.280421   316227766.01683795   1.943e+01
5.280421   1000000000.0   1.953e+01
5.280421   3162277660.1683793   1.986e+01
5.377307   10000000000.0   2.085e+01
5.377307   31622776601.683792   2.133e+01
5.377307   100000000000.0   2.188e+01
5.377307   316227766016.83795   2.256e+01
5.377307   1000000000000.0   2.291e+01
5.377307   100000.0   2.013e+01
5.377307   316227.7660168379   2.015e+01
5.377307   1000000.0   2.017e+01
5.377307   3162277.6601683795   2.019e+01
5.377307   10000000.0   2.023e+01
5.377307   31622776.60168379   2.027e+01
5.377307   100000000.0   2.033e+01
5.377307   316227766.01683795   2.041e+01
5.377307   1000000000.0   2.051e+01
5.377307   3162277660.1683793   2.066e+01
5.475719   10000000000.0   2.190e+01
5.475719   31622776601.683792   2.218e+01
5.475719   100000000000.0   2.298e+01
5.475719   316227766016.83795   2.370e+01
5.475719   1000000000000.0   2.409e+01
5.475719   100000.0   2.111e+01
5.475719   316227.7660168379   2.113e+01
5.475719   1000000.0   2.115e+01
5.475719   3162277.6601683795   2.118e+01
5.475719   10000000.0   2.121e+01
5.475719   31622776.60168379   2.126e+01
5.475719   100000000.0   2.132e+01
5.475719   316227766.01683795   2.141e+01
5.475719   1000000000.0   2.152e+01
5.475719   3162277660.1683793   2.168e+01
5.575616   10000000000.0   2.297e+01
5.575616   31622776601.683792   2.328e+01
5.575616   100000000000.0   2.413e+01
5.575616   316227766016.83795   2.464e+01
5.575616   1000000000000.0   2.532e+01
5.575616   100000.0   2.190e+01
5.575616   316227.7660168379   2.191e+01
5.575616   1000000.0   2.194e+01
5.575616   3162277.6601683795   2.197e+01
5.575616   10000000.0   2.200e+01
5.575616   31622776.60168379   2.205e+01
5.575616   100000000.0   2.212e+01
5.575616   316227766.01683795   2.221e+01
5.575616   1000000000.0   2.234e+01
5.575616   3162277660.1683793   2.273e+01
5.677083   10000000000.0   2.383e+01
5.677083   31622776601.683792   2.442e+01
5.677083   100000000000.0   2.531e+01
5.677083   316227766016.83795   2.585e+01
5.677083   1000000000000.0   2.633e+01
5.677083   100000.0   2.292e+01
5.677083   316227.7660168379   2.294e+01
5.677083   1000000.0   2.296e+01
5.677083   3162277.6601683795   2.299e+01
5.677083   10000000.0   2.303e+01
5.677083   31622776.60168379   2.309e+01
5.677083   100000000.0   2.316e+01
5.677083   316227766.01683795   2.326e+01
5.677083   1000000000.0   2.340e+01
5.677083   3162277660.1683793   2.358e+01
5.780121   10000000000.0   2.496e+01
5.780121   31622776601.683792   2.558e+01
5.780121   100000000000.0   2.652e+01
5.780121   316227766016.83795   2.710e+01
5.780121   1000000000000.0   2.763e+01
5.780121   100000.0   2.396e+01
5.780121   316227.7660168379   2.398e+01
5.780121   1000000.0   2.401e+01
5.780121   3162277.6601683795   2.404e+01
5.780121   10000000.0   2.408e+01
5.780121   31622776.60168379   2.414e+01
5.780121   100000000.0   2.422e+01
5.780121   316227766.01683795   2.433e+01
5.780121   1000000000.0   2.448e+01
5.780121   3162277660.1683793   2.468e+01
5.884729   10000000000.0   2.611e+01
5.884729   31622776601.683792   2.651e+01
5.884729   100000000000.0   2.777e+01
5.884729   316227766016.83795   2.811e+01
5.884729   1000000000000.0   2.897e+01
5.884729   100000.0   2.478e+01
5.884729   316227.7660168379   2.480e+01
5.884729   1000000.0   2.483e+01
5.884729   3162277.6601683795   2.487e+01
5.884729   10000000.0   2.492e+01
5.884729   31622776.60168379   2.498e+01
5.884729   100000000.0   2.506e+01
5.884729   316227766.01683795   2.518e+01
5.884729   1000000000.0   2.534e+01
5.884729   3162277660.1683793   2.555e+01
5.990954   10000000000.0   2.703e+01
5.990954   31622776601.683792   2.774e+01
5.990954   100000000000.0   2.906e+01
5.990954   316227766016.83795   2.943e+01
5.990954   1000000000000.0   3.036e+01
5.990954   100000.0   2.586e+01
5.990954   316227.7660168379   2.589e+01
5.990954   1000000.0   2.592e+01
5.990954   3162277.6601683795   2.596e+01
5.990954   10000000.0   2.601e+01
5.990954   31622776.60168379   2.608e+01
5.990954   100000000.0   2.617e+01
5.990954   316227766.01683795   2.630e+01
5.990954   1000000000.0   2.647e+01
5.990954   3162277660.1683793   2.671e+01
6.098844   10000000000.0   2.823e+01
6.098844   31622776601.683792   2.899e+01
6.098844   100000000000.0   3.037e+01
6.098844   316227766016.83795   3.078e+01
6.098844   1000000000000.0   3.179e+01
6.098844   100000.0   2.670e+01
6.098844   316227.7660168379   2.673e+01
6.098844   1000000.0   2.676e+01
6.098844   3162277.6601683795   2.680e+01
6.098844   10000000.0   2.686e+01
6.098844   31622776.60168379   2.693e+01
6.098844   100000000.0   2.703e+01
6.098844   316227766.01683795   2.744e+01
6.098844   1000000000.0   2.762e+01
6.098844   3162277660.1683793   2.788e+01
6.20835   10000000000.0   2.947e+01
6.20835   31622776601.683792   3.027e+01
6.20835   100000000000.0   3.172e+01
6.20835   316227766016.83795   3.217e+01
6.20835   1000000000000.0   3.327e+01
6.20835   100000.0   2.782e+01
6.20835   316227.7660168379   2.784e+01
6.20835   1000000.0   2.788e+01
6.20835   3162277.6601683795   2.793e+01
6.20835   10000000.0   2.798e+01
6.20835   31622776.60168379   2.806e+01
6.20835   100000000.0   2.817e+01
6.20835   316227766.01683795   2.832e+01
6.20835   1000000000.0   2.852e+01
6.20835   3162277660.1683793   2.879e+01
6.319573   10000000000.0   3.042e+01
6.319573   31622776601.683792   3.127e+01
6.319573   100000000000.0   3.310e+01
6.319573   316227766016.83795   3.360e+01
6.319573   1000000000000.0   3.479e+01
6.319573   100000.0   2.895e+01
6.319573   316227.7660168379   2.898e+01
6.319573   1000000.0   2.901e+01
6.319573   3162277.6601683795   2.906e+01
6.319573   10000000.0   2.913e+01
6.319573   31622776.60168379   2.921e+01
6.319573   100000000.0   2.933e+01
6.319573   316227766.01683795   2.949e+01
6.319573   1000000000.0   2.971e+01
6.319573   3162277660.1683793   3.001e+01
6.432513   10000000000.0   3.169e+01
6.432513   31622776601.683792   3.260e+01
6.432513   100000000000.0   3.452e+01
6.432513   316227766016.83795   3.472e+01
6.432513   1000000000000.0   3.636e+01
6.432513   100000.0   2.979e+01
6.432513   316227.7660168379   2.982e+01
6.432513   1000000.0   2.987e+01
6.432513   3162277.6601683795   2.992e+01
6.432513   10000000.0   2.999e+01
6.432513   31622776.60168379   3.008e+01
6.432513   100000000.0   3.020e+01
6.432513   316227766.01683795   3.068e+01
6.432513   1000000000.0   3.092e+01
6.432513   3162277660.1683793   3.124e+01
6.547227   10000000000.0   3.299e+01
6.547227   31622776601.683792   3.396e+01
6.547227   100000000000.0   3.597e+01
6.547227   316227766016.83795   3.620e+01
6.547227   1000000000000.0   4.548e+01
6.547227   100000.0   3.094e+01
6.547227   316227.7660168379   3.098e+01
6.547227   1000000.0   3.102e+01
6.547227   3162277.6601683795   3.108e+01
6.547227   10000000.0   3.115e+01
6.547227   31622776.60168379   3.125e+01
6.547227   100000000.0   3.139e+01
6.547227   316227766.01683795   3.157e+01
6.547227   1000000000.0   3.183e+01
6.547227   3162277660.1683793   3.218e+01
6.663657   10000000000.0   3.397e+01
6.663657   31622776601.683792   3.534e+01
6.663657   100000000000.0   3.746e+01
6.663657   316227766016.83795   3.773e+01
6.663657   1000000000000.0   4.803e+01
6.663657   100000.0   3.211e+01
6.663657   316227.7660168379   3.215e+01
6.663657   1000000.0   3.220e+01
6.663657   3162277.6601683795   3.226e+01
6.663657   10000000.0   3.234e+01
6.663657   31622776.60168379   3.244e+01
6.663657   100000000.0   3.259e+01
6.663657   316227766.01683795   3.279e+01
6.663657   1000000000.0   3.307e+01
6.663657   3162277660.1683793   3.345e+01
6.781919   10000000000.0   3.530e+01
6.781919   31622776601.683792   3.675e+01
6.781919   100000000000.0   3.897e+01
6.781919   316227766016.83795   3.929e+01
6.781919   1000000000000.0   5.082e+01
6.781919   100000.0   3.296e+01
6.781919   316227.7660168379   3.300e+01
6.781919   1000000.0   3.305e+01
6.781919   3162277.6601683795   3.311e+01
6.781919   10000000.0   3.319e+01
6.781919   31622776.60168379   3.331e+01
6.781919   100000000.0   3.346e+01
6.781919   316227766.01683795   3.368e+01
6.781919   1000000000.0   3.432e+01
6.781919   3162277660.1683793   3.473e+01
6.902015   10000000000.0   3.665e+01
6.902015   31622776601.683792   3.780e+01
6.902015   100000000000.0   4.052e+01
6.902015   316227766016.83795   4.130e+01
6.902015   1000000000000.0   5.438e+01
6.902015   100000.0   3.413e+01
6.902015   316227.7660168379   3.417e+01
6.902015   1000000.0   3.422e+01
6.902015   3162277.6601683795   3.429e+01
6.902015   10000000.0   3.438e+01
6.902015   31622776.60168379   3.450e+01
6.902015   100000000.0   3.467e+01
6.902015   316227766.01683795   3.491e+01
6.902015   1000000000.0   3.523e+01
6.902015   3162277660.1683793   3.567e+01
7.023879   10000000000.0   3.800e+01
7.023879   31622776601.683792   3.923e+01
7.023879   100000000000.0   4.208e+01
7.023879   316227766016.83795   4.728e+01
7.023879   1000000000000.0   5.777e+01
7.023879   100000.0   3.529e+01
7.023879   316227.7660168379   3.534e+01
7.023879   1000000.0   3.540e+01
7.023879   3162277.6601683795   3.547e+01
7.023879   10000000.0   3.557e+01
7.023879   31622776.60168379   3.570e+01
7.023879   100000000.0   3.589e+01
7.023879   316227766.01683795   3.614e+01
7.023879   1000000000.0   3.649e+01
7.023879   3162277660.1683793   3.697e+01
7.147702   10000000000.0   3.900e+01
7.147702   31622776601.683792   4.070e+01
7.147702   100000000000.0   4.412e+01
7.147702   316227766016.83795   4.941e+01
7.147702   1000000000000.0   6.153e+01
7.147702   100000.0   3.611e+01
7.147702   316227.7660168379   3.616e+01
7.147702   1000000.0   3.622e+01
7.147702   3162277.6601683795   3.630e+01
7.147702   10000000.0   3.640e+01
7.147702   31622776.60168379   3.654e+01
7.147702   100000000.0   3.674e+01
7.147702   316227766.01683795   3.701e+01
7.147702   1000000000.0   3.775e+01
7.147702   3162277660.1683793   3.828e+01
7.27342   10000000000.0   4.038e+01
7.27342   31622776601.683792   4.217e+01
7.27342   100000000000.0   4.579e+01
7.27342   316227766016.83795   5.167e+01
7.27342   1000000000000.0   6.562e+01
7.27342   100000.0   3.728e+01
7.27342   316227.7660168379   3.733e+01
7.27342   1000000.0   3.740e+01
7.27342   3162277.6601683795   3.749e+01
7.27342   10000000.0   3.760e+01
7.27342   31622776.60168379   3.775e+01
7.27342   100000000.0   3.796e+01
7.27342   316227766.01683795   3.825e+01
7.27342   1000000000.0   3.865e+01
7.27342   3162277660.1683793   3.921e+01
7.401102   10000000000.0   4.178e+01
7.401102   31622776601.683792   4.366e+01
7.401102   100000000000.0   4.750e+01
7.401102   316227766016.83795   5.407e+01
7.401102   1000000000000.0   7.078e+01
7.401102   100000.0   3.844e+01
7.401102   316227.7660168379   3.850e+01
7.401102   1000000.0   3.857e+01
7.401102   3162277.6601683795   3.866e+01
7.401102   10000000.0   3.878e+01
7.401102   31622776.60168379   3.894e+01
7.401102   100000000.0   3.917e+01
7.401102   316227766.01683795   3.948e+01
7.401102   1000000000.0   3.992e+01
7.401102   3162277660.1683793   4.053e+01
7.530749   10000000000.0   4.317e+01
7.530749   31622776601.683792   4.516e+01
7.530749   100000000000.0   4.925e+01
7.530749   316227766016.83795   5.719e+01
7.530749   1000000000000.0   7.589e+01
7.530749   100000.0   3.920e+01
7.530749   316227.7660168379   3.926e+01
7.530749   1000000.0   3.933e+01
7.530749   3162277.6601683795   3.943e+01
7.530749   10000000.0   3.955e+01
7.530749   31622776.60168379   3.972e+01
7.530749   100000000.0   3.997e+01
7.530749   316227766.01683795   4.030e+01
7.530749   1000000000.0   4.077e+01
7.530749   3162277660.1683793   4.184e+01
7.662359   10000000000.0   4.413e+01
7.662359   31622776601.683792   4.667e+01
7.662359   100000000000.0   5.156e+01
7.662359   316227766016.83795   5.989e+01
7.662359   1000000000000.0   8.147e+01
7.662359   100000.0   4.033e+01
7.662359   316227.7660168379   4.039e+01
7.662359   1000000.0   4.047e+01
7.662359   3162277.6601683795   4.057e+01
7.662359   10000000.0   4.071e+01
7.662359   31622776.60168379   4.089e+01
7.662359   100000000.0   4.115e+01
7.662359   316227766.01683795   4.152e+01
7.662359   1000000000.0   4.202e+01
7.662359   3162277660.1683793   4.273e+01
7.796003   10000000000.0   4.554e+01
7.796003   31622776601.683792   4.820e+01
7.796003   100000000000.0   5.348e+01
7.796003   316227766016.83795   6.278e+01
7.796003   1000000000000.0   8.796e+01
7.796003   100000.0   4.103e+01
7.796003   316227.7660168379   4.110e+01
7.796003   1000000.0   4.119e+01
7.796003   3162277.6601683795   4.129e+01
7.796003   10000000.0   4.185e+01
7.796003   31622776.60168379   4.205e+01
7.796003   100000000.0   4.233e+01
7.796003   316227766.01683795   4.272e+01
7.796003   1000000000.0   4.327e+01
7.796003   3162277660.1683793   4.404e+01
7.931761   10000000000.0   4.694e+01
7.931761   31622776601.683792   4.975e+01
7.931761   100000000000.0   5.544e+01
7.931761   316227766016.83795   6.657e+01
7.931761   1000000000000.0   9.562e+01
7.931761   100000.0   4.213e+01
7.931761   316227.7660168379   4.220e+01
7.931761   1000000.0   4.229e+01
7.931761   3162277.6601683795   4.241e+01
7.931761   10000000.0   4.256e+01
7.931761   31622776.60168379   4.277e+01
7.931761   100000000.0   4.307e+01
7.931761   316227766.01683795   4.348e+01
7.931761   1000000000.0   4.451e+01
7.931761   3162277660.1683793   4.534e+01
8.069554   10000000000.0   4.833e+01
8.069554   31622776601.683792   5.182e+01
8.069554   100000000000.0   5.742e+01
8.069554   316227766016.83795   7.001e+01
8.069554   1000000000000.0   1.053e+02
8.069554   100000.0   4.319e+01
8.069554   316227.7660168379   4.326e+01
8.069554   1000000.0   4.336e+01
8.069554   3162277.6601683795   4.348e+01
8.069554   10000000.0   4.365e+01
8.069554   31622776.60168379   4.387e+01
8.069554   100000000.0   4.419e+01
8.069554   316227766.01683795   4.464e+01
8.069554   1000000000.0   4.528e+01
8.069554   3162277660.1683793   4.663e+01
8.20946   10000000000.0   4.972e+01
8.20946   31622776601.683792   5.343e+01
8.20946   100000000000.0   6.011e+01
8.20946   316227766016.83795   7.384e+01
8.20946   1000000000000.0   1.158e+02
8.20946   100000.0   4.378e+01
8.20946   316227.7660168379   4.386e+01
8.20946   1000000.0   4.396e+01
8.20946   3162277.6601683795   4.453e+01
8.20946   10000000.0   4.471e+01
8.20946   31622776.60168379   4.495e+01
8.20946   100000000.0   4.530e+01
8.20946   316227766.01683795   4.578e+01
8.20946   1000000000.0   4.647e+01
8.20946   3162277660.1683793   4.743e+01
8.351563   10000000000.0   5.061e+01
8.351563   31622776601.683792   5.503e+01
8.351563   100000000000.0   6.235e+01
8.351563   316227766016.83795   7.806e+01
8.351563   1000000000000.0   1.278e+02
8.351563   100000.0   4.479e+01
8.351563   316227.7660168379   4.488e+01
8.351563   1000000.0   4.499e+01
8.351563   3162277.6601683795   4.512e+01
8.351563   10000000.0   4.531e+01
8.351563   31622776.60168379   4.556e+01
8.351563   100000000.0   4.593e+01
8.351563   316227766.01683795   4.645e+01
8.351563   1000000000.0   4.765e+01
8.351563   3162277660.1683793   4.870e+01
8.495865   10000000000.0   5.199e+01
8.495865   31622776601.683792   5.665e+01
8.495865   100000000000.0   6.471e+01
8.495865   316227766016.83795   8.364e+01
8.495865   1000000000000.0   1.412e+02
8.495865   100000.0   4.576e+01
8.495865   316227.7660168379   4.585e+01
8.495865   1000000.0   4.597e+01
8.495865   3162277.6601683795   4.611e+01
8.495865   10000000.0   4.631e+01
8.495865   31622776.60168379   4.659e+01
8.495865   100000000.0   4.698e+01
8.495865   316227766.01683795   4.754e+01
8.495865   1000000000.0   4.833e+01
8.495865   3162277660.1683793   4.995e+01
8.642365   10000000000.0   5.334e+01
8.642365   31622776601.683792   5.827e+01
8.642365   100000000000.0   6.786e+01
8.642365   316227766016.83795   8.915e+01
8.642365   1000000000000.0   1.570e+02
8.642365   100000.0   4.622e+01
8.642365   316227.7660168379   4.631e+01
8.642365   1000000.0   4.643e+01
8.642365   3162277.6601683795   4.658e+01
8.642365   10000000.0   4.726e+01
8.642365   31622776.60168379   4.756e+01
8.642365   100000000.0   4.798e+01
8.642365   316227766.01683795   4.859e+01
8.642365   1000000000.0   4.945e+01
8.642365   3162277660.1683793   5.065e+01
8.791155   10000000000.0   5.469e+01
8.791155   31622776601.683792   6.054e+01
8.791155   100000000000.0   7.060e+01
8.791155   316227766016.83795   9.488e+01
8.791155   1000000000000.0   1.760e+02
8.791155   100000.0   4.709e+01
8.791155   316227.7660168379   4.719e+01
8.791155   1000000.0   4.732e+01
8.791155   3162277.6601683795   4.749e+01
8.791155   10000000.0   4.771e+01
8.791155   31622776.60168379   4.802e+01
8.791155   100000000.0   4.847e+01
8.791155   316227766.01683795   4.911e+01
8.791155   1000000000.0   5.053e+01
8.791155   3162277660.1683793   5.185e+01
8.942236   10000000000.0   5.603e+01
8.942236   31622776601.683792   6.230e+01
8.942236   100000000000.0   7.359e+01
8.942236   316227766016.83795   1.014e+02
8.942236   1000000000000.0   2.010e+02
8.942236   100000.0   4.794e+01
8.942236   316227.7660168379   4.804e+01
8.942236   1000000.0   4.818e+01
8.942236   3162277.6601683795   4.835e+01
8.942236   10000000.0   4.859e+01
8.942236   31622776.60168379   4.892e+01
8.942236   100000000.0   4.941e+01
8.942236   316227766.01683795   5.010e+01
8.942236   1000000000.0   5.109e+01
8.942236   3162277660.1683793   5.303e+01
9.095707   10000000000.0   5.736e+01
9.095707   31622776601.683792   6.409e+01
9.095707   100000000000.0   7.677e+01
9.095707   316227766016.83795   1.089e+02
9.095707   1000000000000.0   2.301e+02
9.095707   100000.0   4.823e+01
9.095707   316227.7660168379   4.834e+01
9.095707   1000000.0   4.848e+01
9.095707   3162277.6601683795   4.867e+01
9.095707   10000000.0   4.891e+01
9.095707   31622776.60168379   4.976e+01
9.095707   100000000.0   5.028e+01
9.095707   316227766.01683795   5.103e+01
9.095707   1000000000.0   5.211e+01
9.095707   3162277660.1683793   5.417e+01
9.251469   10000000000.0   5.866e+01
9.251469   31622776601.683792   6.593e+01
9.251469   100000000000.0   8.088e+01
9.251469   316227766016.83795   1.187e+02
9.251469   1000000000000.0   2.663e+02
9.251469   100000.0   4.895e+01
9.251469   316227.7660168379   4.906e+01
9.251469   1000000.0   4.921e+01
9.251469   3162277.6601683795   4.941e+01
9.251469   10000000.0   4.967e+01
9.251469   31622776.60168379   5.005e+01
9.251469   100000000.0   5.060e+01
9.251469   316227766.01683795   5.139e+01
9.251469   1000000000.0   5.307e+01
9.251469   3162277660.1683793   5.526e+01
9.409618   10000000000.0   5.997e+01
9.409618   31622776601.683792   6.858e+01
9.409618   100000000000.0   8.462e+01
9.409618   316227766016.83795   1.288e+02
9.409618   1000000000000.0   3.099e+02
9.409618   100000.0   4.961e+01
9.409618   316227.7660168379   4.973e+01
9.409618   1000000.0   4.989e+01
9.409618   3162277.6601683795   5.010e+01
9.409618   10000000.0   5.038e+01
9.409618   31622776.60168379   5.078e+01
9.409618   100000000.0   5.138e+01
9.409618   316227766.01683795   5.223e+01
9.409618   1000000000.0   5.347e+01
9.409618   3162277660.1683793   5.579e+01
9.570266   10000000000.0   6.189e+01
9.570266   31622776601.683792   7.061e+01
9.570266   100000000000.0   8.884e+01
9.570266   316227766016.83795   1.409e+02
9.570266   1000000000000.0   3.628e+02
9.570266   100000.0   4.972e+01
9.570266   316227.7660168379   4.985e+01
9.570266   1000000.0   5.001e+01
9.570266   3162277.6601683795   5.023e+01
9.570266   10000000.0   5.052e+01
9.570266   31622776.60168379   5.095e+01
9.570266   100000000.0   5.210e+01
9.570266   316227766.01683795   5.302e+01
9.570266   1000000000.0   5.436e+01
9.570266   3162277660.1683793   5.684e+01
9.733299   10000000000.0   6.322e+01
9.733299   31622776601.683792   7.272e+01
9.733299   100000000000.0   9.434e+01
9.733299   316227766016.83795   1.556e+02
9.733299   1000000000000.0   4.250e+02
9.733299   100000.0   5.025e+01
9.733299   316227.7660168379   5.039e+01
9.733299   1000000.0   5.056e+01
9.733299   3162277.6601683795   5.079e+01
9.733299   10000000.0   5.110e+01
9.733299   31622776.60168379   5.156e+01
9.733299   100000000.0   5.223e+01
9.733299   316227766.01683795   5.321e+01
9.733299   1000000000.0   5.520e+01
9.733299   3162277660.1683793   5.785e+01
9.898945   10000000000.0   6.454e+01
9.898945   31622776601.683792   7.572e+01
9.898945   100000000000.0   9.966e+01
9.898945   316227766016.83795   1.722e+02
9.898945   1000000000000.0   5.027e+02
9.898945   100000.0   5.070e+01
9.898945   316227.7660168379   5.084e+01
9.898945   1000000.0   5.103e+01
9.898945   3162277.6601683795   5.127e+01
9.898945   10000000.0   5.160e+01
9.898945   31622776.60168379   5.209e+01
9.898945   100000000.0   5.282e+01
9.898945   316227766.01683795   5.388e+01
9.898945   1000000000.0   5.597e+01
9.898945   3162277660.1683793   5.882e+01
